"","19:20114501:A:G","19:20115167:G:A","19:20121787:T:A","19:20123283:A:C","19:20123801:T:C","19:20125503:C:A","19:20128511:T:C","19:20129059:C:A","19:20134050:G:A","19:20134652:G:A","19:20135066:G:T","19:20136547:A:G","19:20139183:G:C","19:20139234:T:A","19:20139851:G:A","19:20147286:G:T","19:20148406:G:A","19:20150887:C:T"
"19:20114501:A:G",0.0120056038603868,-4.4004980995993e-05,-8.69757469832422e-05,-7.55094429294445e-05,-0.0010029675934291,-0.000141520718135446,0.000158437285667112,-0.00272827262509256,-0.000428959222027459,-3.7934506899262e-05,-0.00125629110348147,-0.000990535791632219,-9.22418196527275e-05,-0.00301422776158056,-0.000545739494882902,-0.000428959222027459,-0.0014564655123479,0.000166564396043789
"19:20115167:G:A",-4.4004980995993e-05,0.00854348607825361,3.3351461300235e-05,7.39159087572716e-05,-0.00198999093413121,-1.97045038135002e-05,2.32822276018396e-05,4.61686464374722e-05,-3.37099867842028e-06,-5.02408655478348e-06,-2.35206475718286e-05,-3.78680284276456e-05,-1.28510196741871e-05,-9.28068119145919e-05,-0.0065005121077979,-3.37099867842028e-06,-1.1842850468291e-05,2.46636463563377e-05
"19:20121787:T:A",-8.69757469832422e-05,3.3351461300235e-05,0.00437032786028535,-0.000527284876359779,-0.00146601159809645,0.000107159717872563,-0.000139973919556446,-0.000287163199730323,1.47679929787259e-05,2.60600649575338e-05,-0.000157158470415197,-7.17935238752077e-05,7.03453945103405e-05,-0.000883211976626441,-0.000536178538375509,1.47679929787259e-05,-0.000331163604619711,-0.000149865030245167
"19:20123283:A:C",-7.55094429294445e-05,7.39159087572716e-05,-0.000527284876359779,0.00930892733943445,0.00114074659748598,-0.000778795953406686,-0.00372247325495945,-0.00460600820205048,-4.92887615788362e-06,-0.00212448776968355,-0.000139608681498871,0.000411071956318843,0.000156040912609789,0.000193764444726519,0.00117294952548486,-4.92887615788362e-06,-9.67393059774224e-05,-0.000376651445636256
"19:20123801:T:C",-0.0010029675934291,-0.00198999093413121,-0.00146601159809645,0.00114074659748598,0.012196297381303,-0.000283506226492314,0.000167027428589428,1.6788404527901e-05,-0.00161583383781938,-0.00237772949146997,-0.00362751700724129,0.000144641047603589,-0.000179022230327952,-0.000501582756222696,0.00589583167432028,-0.00161583383781938,-0.00270516240689567,-0.00219617461388477
"19:20125503:C:A",-0.000141520718135446,-1.97045038135002e-05,0.000107159717872563,-0.000778795953406686,-0.000283506226492314,0.000841881022855873,7.47596271972739e-05,0.000149609199342926,-1.16120418667265e-05,-1.65213818501542e-05,-7.61923545375964e-05,-0.000121647095410182,0.000543722239875422,-0.000293179063270088,-3.51506534901347e-06,-1.16120418667265e-05,-3.83451313625827e-05,7.90197702169593e-05
"19:20128511:T:C",0.000158437285667112,2.32822276018396e-05,-0.000139973919556446,-0.00372247325495945,0.000167027428589428,7.47596271972739e-05,0.00524894423109146,-0.000195431698057469,1.09988435017527e-05,1.84589672036495e-05,8.64574964047904e-05,0.000138164199111834,4.90443373193372e-05,-0.00186095434201761,-1.00306381494164e-05,1.09988435017527e-05,4.45399261010948e-05,-0.000102249560550938
"19:20129059:C:A",-0.00272827262509256,4.61686464374722e-05,-0.000287163199730323,-0.00460600820205048,1.6788404527901e-05,0.000149609199342926,-0.000195431698057469,0.01510528404736,1.86067032172943e-05,3.53484539346027e-05,-0.00296864283063858,0.000272738340614254,9.79151906106424e-05,-0.00138611467937899,0.000652628387168619,1.86067032172943e-05,-0.00301574664903104,-0.00122631419245156
"19:20134050:G:A",-0.000428959222027459,-3.37099867842028e-06,1.47679929787259e-05,-4.92887615788362e-06,-0.00161583383781938,-1.16120418667265e-05,1.09988435017527e-05,1.86067032172943e-05,0.00363736763894451,-2.75352025891351e-06,-0.000157651287713279,-2.4029038828921e-05,-7.3412938572659e-06,-7.07780776192379e-05,-0.00138258210138176,2.32651052298749e-05,-6.72451358596504e-06,1.155852592305e-05
"19:20134652:G:A",-3.7934506899262e-05,-5.02408655478348e-06,2.60600649575338e-05,-0.00212448776968355,-0.00237772949146997,-1.65213818501542e-05,1.84589672036495e-05,3.53484539346027e-05,-2.75352025891351e-06,0.00722506136222467,-1.97965497177321e-05,-3.2422730145143e-05,-1.06834407045397e-05,-8.41454757294358e-05,-0.00260036899182925,-2.75352025891351e-06,-9.82775557378801e-06,1.95203723549753e-05
"19:20135066:G:T",-0.00125629110348147,-2.35206475718286e-05,-0.000157158470415197,-0.000139608681498871,-0.00362751700724129,-7.61923545375964e-05,8.64574964047904e-05,-0.00296864283063858,-0.000157651287713279,-1.97965497177321e-05,0.0107374853734754,-0.000962752559690472,-4.95626250742731e-05,-0.00037716818420197,-0.00139457030369794,-0.000157651287713279,0.000452917517383966,9.12235059296052e-05
"19:20136547:A:G",-0.000990535791632219,-3.78680284276456e-05,-7.17935238752077e-05,0.000411071956318843,0.000144641047603589,-0.000121647095410182,0.000138164199111834,0.000272738340614254,-2.4029038828921e-05,-3.2422730145143e-05,-0.000962752559690472,0.00464011760673388,-7.93701838803784e-05,-0.000595877488705376,0.000499918261677834,-2.4029038828921e-05,-0.000857412454156936,-0.00230891347847884
"19:20139183:G:C",-9.22418196527275e-05,-1.28510196741871e-05,7.03453945103405e-05,0.000156040912609789,-0.000179022230327952,0.000543722239875422,4.90443373193372e-05,9.79151906106424e-05,-7.3412938572659e-06,-1.06834407045397e-05,-4.95626250742731e-05,-7.93701838803784e-05,-0.000318560401682433,-0.000192117047693507,5.09227041067817e-06,-7.3412938572659e-06,-2.49730039518781e-05,5.19040150201988e-05
"19:20139234:T:A",-0.00301422776158056,-9.28068119145919e-05,-0.000883211976626441,0.000193764444726519,-0.000501582756222696,-0.000293179063270088,-0.00186095434201761,-0.00138611467937899,-7.07780776192379e-05,-8.41454757294358e-05,-0.00037716818420197,-0.000595877488705376,-0.000192117047693507,0.0113969482685565,-0.000104234971105122,-7.07780776192379e-05,-0.000184556008744785,-0.0018789799908534
"19:20139851:G:A",-0.000545739494882902,-0.0065005121077979,-0.000536178538375509,0.00117294952548486,0.00589583167432028,-3.51506534901347e-06,-1.00306381494164e-05,0.000652628387168619,-0.00138258210138176,-0.00260036899182925,-0.00139457030369794,0.000499918261677834,5.09227041067817e-06,-0.000104234971105122,0.00884050939464709,-0.00138258210138176,-0.000685507997173929,-0.00192110720258487
"19:20147286:G:T",-0.000428959222027459,-3.37099867842028e-06,1.47679929787259e-05,-4.92887615788362e-06,-0.00161583383781938,-1.16120418667265e-05,1.09988435017527e-05,1.86067032172943e-05,2.32651052298749e-05,-2.75352025891351e-06,-0.000157651287713279,-2.4029038828921e-05,-7.3412938572659e-06,-7.07780776192379e-05,-0.00138258210138176,0.00363736763894451,-6.72451358596504e-06,1.155852592305e-05
"19:20148406:G:A",-0.0014564655123479,-1.1842850468291e-05,-0.000331163604619711,-9.67393059774224e-05,-0.00270516240689567,-3.83451313625827e-05,4.45399261010948e-05,-0.00301574664903104,-6.72451358596504e-06,-9.82775557378801e-06,0.000452917517383966,-0.000857412454156936,-2.49730039518781e-05,-0.000184556008744785,-0.000685507997173929,-6.72451358596504e-06,0.0088866205497995,4.71137141913047e-05
"19:20150887:C:T",0.000166564396043789,2.46636463563377e-05,-0.000149865030245167,-0.000376651445636256,-0.00219617461388477,7.90197702169593e-05,-0.000102249560550938,-0.00122631419245156,1.155852592305e-05,1.95203723549753e-05,9.12235059296052e-05,-0.00230891347847884,5.19040150201988e-05,-0.0018789799908534,-0.00192110720258487,1.155852592305e-05,4.71137141913047e-05,0.00965712904272653
